Date, Year, Month, Day, mean, max, min
20100101, 2010 , 1 , 1 , 5 , 10 , 0
20100102, 2010 , 1 , 2 , 0 , 5 , -5
20100103, 2010 , 1 , 3 , 1 , 10 , -8
20100104, 2010 , 1 , 4 , 6 , 14 , -1
20100105, 2010 , 1 , 5 , 10 , 15 , 5
20100106, 2010 , 1 , 6 , 8 , 15 , 0
20100107, 2010 , 1 , 7 , 18 , 23 , 12
20100108, 2010 , 1 , 8 , 18 , 23 , 11
20100109, 2010 , 1 , 9 , 6 , 14 , -2
20100110, 2010 , 1 , 10 , 2 , 13 , -8
20100111, 2010 , 1 , 11 , 18 , 23 , 12
20100112, 2010 , 1 , 12 , 18 , 25 , 10
20100113, 2010 , 1 , 13 , 18 , 28 , 9
20100114, 2010 , 1 , 14 , 29 , 37 , 21
20100115, 2010 , 1 , 15 , 27 , 30 , 24
20100116, 2010 , 1 , 16 , 22 , 23 , 21
20100117, 2010 , 1 , 17 , 22 , 27 , 18
20100118, 2010 , 1 , 18 , 26 , 28 , 25
20100119, 2010 , 1 , 19 , 24 , 29 , 19
20100120, 2010 , 1 , 20 , 23 , 30 , 16
20100121, 2010 , 1 , 21 , 30 , 31 , 28
20100122, 2010 , 1 , 22 , 32 , 32 , 31
20100123, 2010 , 1 , 23 , 34 , 36 , 32
20100124, 2010 , 1 , 24 , 35 , 39 , 31
20100125, 2010 , 1 , 25 , 26 , 29 , 22
20100126, 2010 , 1 , 26 , 15 , 20 , 10
20100127, 2010 , 1 , 27 , 14 , 21 , 7
20100128, 2010 , 1 , 28 , 8 , 12 , 4
20100129, 2010 , 1 , 29 , 8 , 16 , 1
20100130, 2010 , 1 , 30 , 18 , 22 , 13
20100131, 2010 , 1 , 31 , 18 , 25 , 11
20100201, 2010 , 2 , 1 , 20 , 28 , 12
20100202, 2010 , 2 , 2 , 28 , 30 , 25
20100203, 2010 , 2 , 3 , 23 , 28 , 18
20100204, 2010 , 2 , 4 , 22 , 30 , 15
20100205, 2010 , 2 , 5 , 32 , 34 , 29
20100206, 2010 , 2 , 6 , 26 , 30 , 23
20100207, 2010 , 2 , 7 , 23 , 27 , 19
20100208, 2010 , 2 , 8 , 23 , 28 , 18
20100209, 2010 , 2 , 9 , 24 , 26 , 21
20100210, 2010 , 2 , 10 , 22 , 24 , 19
20100211, 2010 , 2 , 11 , 12 , 21 , 2
20100212, 2010 , 2 , 12 , 16 , 24 , 8
20100213, 2010 , 2 , 13 , 16 , 24 , 7
20100214, 2010 , 2 , 14 , 16 , 24 , 7
20100215, 2010 , 2 , 15 , 18 , 26 , 9
20100216, 2010 , 2 , 16 , 25 , 29 , 21
20100217, 2010 , 2 , 17 , 28 , 30 , 25
20100218, 2010 , 2 , 18 , 28 , 34 , 22
20100219, 2010 , 2 , 19 , 24 , 34 , 13
20100220, 2010 , 2 , 20 , 32 , 35 , 28
20100221, 2010 , 2 , 21 , 32 , 34 , 30
20100222, 2010 , 2 , 22 , 32 , 32 , 31
20100223, 2010 , 2 , 23 , 26 , 28 , 24
20100224, 2010 , 2 , 24 , 21 , 23 , 19
20100225, 2010 , 2 , 25 , 18 , 24 , 13
20100226, 2010 , 2 , 26 , 18 , 26 , 9
20100227, 2010 , 2 , 27 , 28 , 32 , 23
20100228, 2010 , 2 , 28 , 32 , 35 , 30
20100301, 2010 , 3 , 1 , 32 , 34 , 29
20100302, 2010 , 3 , 2 , 27 , 33 , 21
20100303, 2010 , 3 , 3 , 28 , 34 , 21
20100304, 2010 , 3 , 4 , 30 , 39 , 21
20100305, 2010 , 3 , 5 , 30 , 39 , 21
20100306, 2010 , 3 , 6 , 31 , 42 , 20
20100307, 2010 , 3 , 7 , 32 , 35 , 28
20100308, 2010 , 3 , 8 , 36 , 39 , 32
20100309, 2010 , 3 , 9 , 40 , 49 , 32
20100310, 2010 , 3 , 10 , 51 , 59 , 43
20100311, 2010 , 3 , 11 , 52 , 58 , 45
20100312, 2010 , 3 , 12 , 41 , 48 , 34
20100313, 2010 , 3 , 13 , 44 , 45 , 41
20100314, 2010 , 3 , 14 , 44 , 50 , 39
20100315, 2010 , 3 , 15 , 43 , 47 , 39
20100316, 2010 , 3 , 16 , 46 , 58 , 33
20100317, 2010 , 3 , 17 , 45 , 59 , 31
20100318, 2010 , 3 , 18 , 48 , 58 , 37
20100319, 2010 , 3 , 19 , 50 , 59 , 41
20100320, 2010 , 3 , 20 , 32 , 36 , 29
20100321, 2010 , 3 , 21 , 36 , 44 , 29
20100322, 2010 , 3 , 22 , 42 , 52 , 31
20100323, 2010 , 3 , 23 , 44 , 58 , 29
20100324, 2010 , 3 , 24 , 44 , 53 , 35
20100325, 2010 , 3 , 25 , 36 , 44 , 28
20100326, 2010 , 3 , 26 , 31 , 42 , 20
20100327, 2010 , 3 , 27 , 39 , 50 , 28
20100328, 2010 , 3 , 28 , 45 , 55 , 35
20100329, 2010 , 3 , 29 , 39 , 51 , 27
20100330, 2010 , 3 , 30 , 46 , 62 , 29
20100331, 2010 , 3 , 31 , 60 , 75 , 45
20100401, 2010 , 4 , 1 , 64 , 80 , 47
20100402, 2010 , 4 , 2 , 65 , 77 , 53
20100403, 2010 , 4 , 3 , 50 , 56 , 45
20100404, 2010 , 4 , 4 , 55 , 72 , 38
20100405, 2010 , 4 , 5 , 56 , 67 , 45
20100406, 2010 , 4 , 6 , 60 , 73 , 48
20100407, 2010 , 4 , 7 , 46 , 51 , 41
20100408, 2010 , 4 , 8 , 36 , 39 , 34
20100409, 2010 , 4 , 9 , 42 , 55 , 30
20100410, 2010 , 4 , 10 , 54 , 71 , 37
20100411, 2010 , 4 , 11 , 52 , 62 , 43
20100412, 2010 , 4 , 12 , 57 , 70 , 44
20100413, 2010 , 4 , 13 , 56 , 68 , 45
20100414, 2010 , 4 , 14 , 64 , 80 , 47
20100415, 2010 , 4 , 15 , 66 , 79 , 53
20100416, 2010 , 4 , 16 , 59 , 63 , 55
20100417, 2010 , 4 , 17 , 46 , 58 , 35
20100418, 2010 , 4 , 18 , 44 , 58 , 31
20100419, 2010 , 4 , 19 , 44 , 57 , 32
20100420, 2010 , 4 , 20 , 48 , 62 , 34
20100421, 2010 , 4 , 21 , 54 , 68 , 41
20100422, 2010 , 4 , 22 , 48 , 65 , 32
20100423, 2010 , 4 , 23 , 50 , 60 , 39
20100424, 2010 , 4 , 24 , 56 , 60 , 52
20100425, 2010 , 4 , 25 , 52 , 59 , 46
20100426, 2010 , 4 , 26 , 52 , 62 , 42
20100427, 2010 , 4 , 27 , 46 , 55 , 38
20100428, 2010 , 4 , 28 , 46 , 61 , 32
20100429, 2010 , 4 , 29 , 61 , 76 , 46
20100430, 2010 , 4 , 30 , 66 , 76 , 56
20100501, 2010 , 5 , 1 , 60 , 67 , 54
20100502, 2010 , 5 , 2 , 59 , 67 , 51
20100503, 2010 , 5 , 3 , 58 , 68 , 47
20100504, 2010 , 5 , 4 , 62 , 78 , 45
20100505, 2010 , 5 , 5 , 60 , 68 , 53
20100506, 2010 , 5 , 6 , 53 , 65 , 41
20100507, 2010 , 5 , 7 , 50 , 56 , 43
20100508, 2010 , 5 , 8 , 44 , 48 , 39
20100509, 2010 , 5 , 9 , 44 , 55 , 32
20100510, 2010 , 5 , 10 , 46 , 56 , 37
20100511, 2010 , 5 , 11 , 47 , 52 , 42
20100512, 2010 , 5 , 12 , 46 , 48 , 43
20100513, 2010 , 5 , 13 , 59 , 70 , 48
20100514, 2010 , 5 , 14 , 54 , 61 , 46
20100515, 2010 , 5 , 15 , 53 , 61 , 45
20100516, 2010 , 5 , 16 , 53 , 65 , 41
20100517, 2010 , 5 , 17 , 54 , 61 , 48
20100518, 2010 , 5 , 18 , 56 , 66 , 46
20100519, 2010 , 5 , 19 , 60 , 73 , 46
20100520, 2010 , 5 , 20 , 58 , 71 , 46
20100521, 2010 , 5 , 21 , 62 , 69 , 54
20100522, 2010 , 5 , 22 , 65 , 73 , 57
20100523, 2010 , 5 , 23 , 74 , 86 , 61
20100524, 2010 , 5 , 24 , 78 , 88 , 67
20100525, 2010 , 5 , 25 , 76 , 84 , 67
20100526, 2010 , 5 , 26 , 72 , 82 , 63
20100527, 2010 , 5 , 27 , 72 , 79 , 64
20100528, 2010 , 5 , 28 , 68 , 81 , 55
20100529, 2010 , 5 , 29 , 71 , 84 , 58
20100530, 2010 , 5 , 30 , 74 , 86 , 63
20100531, 2010 , 5 , 31 , 70 , 75 , 66
20100601, 2010 , 6 , 1 , 72 , 83 , 60
20100602, 2010 , 6 , 2 , 70 , 76 , 62
20100603, 2010 , 6 , 3 , 63 , 73 , 53
20100604, 2010 , 6 , 4 , 68 , 80 , 55
20100605, 2010 , 6 , 5 , 70 , 75 , 64
20100606, 2010 , 6 , 6 , 64 , 73 , 54
20100607, 2010 , 6 , 7 , 62 , 72 , 51
20100608, 2010 , 6 , 8 , 59 , 63 , 55
20100609, 2010 , 6 , 9 , 70 , 79 , 62
20100610, 2010 , 6 , 10 , 64 , 75 , 53
20100611, 2010 , 6 , 11 , 74 , 86 , 61
20100612, 2010 , 6 , 12 , 70 , 77 , 63
20100613, 2010 , 6 , 13 , 64 , 70 , 59
20100614, 2010 , 6 , 14 , 66 , 70 , 61
20100615, 2010 , 6 , 15 , 64 , 72 , 57
20100616, 2010 , 6 , 16 , 69 , 77 , 61
20100617, 2010 , 6 , 17 , 70 , 80 , 61
20100618, 2010 , 6 , 18 , 74 , 85 , 64
20100619, 2010 , 6 , 19 , 72 , 80 , 63
20100620, 2010 , 6 , 20 , 70 , 79 , 61
20100621, 2010 , 6 , 21 , 71 , 79 , 63
20100622, 2010 , 6 , 22 , 74 , 81 , 66
20100623, 2010 , 6 , 23 , 76 , 83 , 68
20100624, 2010 , 6 , 24 , 68 , 78 , 59
20100625, 2010 , 6 , 25 , 70 , 80 , 59
20100626, 2010 , 6 , 26 , 74 , 82 , 67
20100627, 2010 , 6 , 27 , 75 , 80 , 70
20100628, 2010 , 6 , 28 , 72 , 78 , 64
20100629, 2010 , 6 , 29 , 64 , 73 , 55
20100630, 2010 , 6 , 30 , 62 , 73 , 52
20100701, 2010 , 7 , 1 , 63 , 75 , 51
20100702, 2010 , 7 , 2 , 66 , 78 , 54
20100703, 2010 , 7 , 3 , 68 , 81 , 54
20100704, 2010 , 7 , 4 , 74 , 85 , 62
20100705, 2010 , 7 , 5 , 78 , 84 , 72
20100706, 2010 , 7 , 6 , 76 , 84 , 69
20100707, 2010 , 7 , 7 , 77 , 86 , 68
20100708, 2010 , 7 , 8 , 76 , 82 , 70
20100709, 2010 , 7 , 9 , 74 , 81 , 67
20100710, 2010 , 7 , 10 , 73 , 82 , 64
20100711, 2010 , 7 , 11 , 70 , 79 , 61
20100712, 2010 , 7 , 12 , 70 , 78 , 61
20100713, 2010 , 7 , 13 , 73 , 81 , 65
20100714, 2010 , 7 , 14 , 76 , 87 , 64
20100715, 2010 , 7 , 15 , 75 , 82 , 66
20100716, 2010 , 7 , 16 , 74 , 84 , 63
20100717, 2010 , 7 , 17 , 76 , 86 , 65
20100718, 2010 , 7 , 18 , 76 , 86 , 66
20100719, 2010 , 7 , 19 , 70 , 77 , 62
20100720, 2010 , 7 , 20 , 72 , 82 , 61
20100721, 2010 , 7 , 21 , 76 , 84 , 68
20100722, 2010 , 7 , 22 , 75 , 86 , 64
20100723, 2010 , 7 , 23 , 78 , 88 , 68
20100724, 2010 , 7 , 24 , 74 , 82 , 66
20100725, 2010 , 7 , 25 , 71 , 78 , 64
20100726, 2010 , 7 , 26 , 69 , 80 , 58
20100727, 2010 , 7 , 27 , 74 , 84 , 64
20100728, 2010 , 7 , 28 , 77 , 83 , 71
20100729, 2010 , 7 , 29 , 70 , 79 , 60
20100730, 2010 , 7 , 30 , 70 , 75 , 64
20100731, 2010 , 7 , 31 , 70 , 75 , 64
20100801, 2010 , 8 , 1 , 71 , 82 , 60
20100802, 2010 , 8 , 2 , 70 , 79 , 62
20100803, 2010 , 8 , 3 , 74 , 83 , 64
20100804, 2010 , 8 , 4 , 74 , 79 , 68
20100805, 2010 , 8 , 5 , 73 , 79 , 67
20100806, 2010 , 8 , 6 , 68 , 78 , 59
20100807, 2010 , 8 , 7 , 70 , 81 , 59
20100808, 2010 , 8 , 8 , 75 , 85 , 65
20100809, 2010 , 8 , 9 , 78 , 85 , 71
20100810, 2010 , 8 , 10 , 80 , 87 , 72
20100811, 2010 , 8 , 11 , 78 , 85 , 70
20100812, 2010 , 8 , 12 , 80 , 89 , 71
20100813, 2010 , 8 , 13 , 78 , 88 , 69
20100814, 2010 , 8 , 14 , 77 , 84 , 70
20100815, 2010 , 8 , 15 , 76 , 80 , 72
20100816, 2010 , 8 , 16 , 69 , 78 , 60
20100817, 2010 , 8 , 17 , 68 , 72 , 63
20100818, 2010 , 8 , 18 , 70 , 79 , 62
20100819, 2010 , 8 , 19 , 73 , 84 , 62
20100820, 2010 , 8 , 20 , 80 , 90 , 69
20100821, 2010 , 8 , 21 , 74 , 82 , 66
20100822, 2010 , 8 , 22 , 73 , 82 , 64
20100823, 2010 , 8 , 23 , 71 , 81 , 61
20100824, 2010 , 8 , 24 , 70 , 82 , 59
20100825, 2010 , 8 , 25 , 66 , 76 , 55
20100826, 2010 , 8 , 26 , 64 , 75 , 52
20100827, 2010 , 8 , 27 , 68 , 82 , 54
20100828, 2010 , 8 , 28 , 70 , 84 , 57
20100829, 2010 , 8 , 29 , 76 , 90 , 63
20100830, 2010 , 8 , 30 , 74 , 83 , 64
20100831, 2010 , 8 , 31 , 79 , 88 , 70
20100901, 2010 , 9 , 1 , 73 , 78 , 68
20100902, 2010 , 9 , 2 , 74 , 82 , 66
20100903, 2010 , 9 , 3 , 62 , 68 , 56
20100904, 2010 , 9 , 4 , 57 , 66 , 48
20100905, 2010 , 9 , 5 , 60 , 74 , 46
20100906, 2010 , 9 , 6 , 72 , 81 , 62
20100907, 2010 , 9 , 7 , 66 , 73 , 59
20100908, 2010 , 9 , 8 , 60 , 70 , 50
20100909, 2010 , 9 , 9 , 56 , 66 , 47
20100910, 2010 , 9 , 10 , 62 , 75 , 50
20100911, 2010 , 9 , 11 , 67 , 77 , 57
20100912, 2010 , 9 , 12 , 68 , 82 , 54
20100913, 2010 , 9 , 13 , 68 , 80 , 56
20100914, 2010 , 9 , 14 , 64 , 77 , 51
20100915, 2010 , 9 , 15 , 64 , 75 , 54
20100916, 2010 , 9 , 16 , 64 , 68 , 61
20100917, 2010 , 9 , 17 , 62 , 75 , 48
20100918, 2010 , 9 , 18 , 60 , 63 , 58
20100919, 2010 , 9 , 19 , 60 , 66 , 53
20100920, 2010 , 9 , 20 , 68 , 78 , 57
20100921, 2010 , 9 , 21 , 76 , 87 , 64
20100922, 2010 , 9 , 22 , 66 , 72 , 61
20100923, 2010 , 9 , 23 , 76 , 87 , 64
20100924, 2010 , 9 , 24 , 66 , 77 , 55
20100925, 2010 , 9 , 25 , 52 , 57 , 48
20100926, 2010 , 9 , 26 , 53 , 59 , 46
20100927, 2010 , 9 , 27 , 52 , 64 , 41
20100928, 2010 , 9 , 28 , 58 , 71 , 45
20100929, 2010 , 9 , 29 , 61 , 74 , 48
20100930, 2010 , 9 , 30 , 63 , 72 , 54
20101001, 2010 , 10 , 1 , 58 , 72 , 43
20101002, 2010 , 10 , 2 , 50 , 55 , 44
20101003, 2010 , 10 , 3 , 46 , 55 , 36
20101004, 2010 , 10 , 4 , 48 , 60 , 35
20101005, 2010 , 10 , 5 , 52 , 67 , 37
20101006, 2010 , 10 , 6 , 60 , 77 , 44
20101007, 2010 , 10 , 7 , 60 , 75 , 45
20101008, 2010 , 10 , 8 , 64 , 79 , 48
20101009, 2010 , 10 , 9 , 69 , 86 , 52
20101010, 2010 , 10 , 10 , 70 , 82 , 59
20101011, 2010 , 10 , 11 , 67 , 80 , 54
20101012, 2010 , 10 , 12 , 64 , 78 , 49
20101013, 2010 , 10 , 13 , 56 , 65 , 48
20101014, 2010 , 10 , 14 , 52 , 65 , 39
20101015, 2010 , 10 , 15 , 52 , 62 , 42
20101016, 2010 , 10 , 16 , 52 , 70 , 35
20101017, 2010 , 10 , 17 , 52 , 64 , 40
20101018, 2010 , 10 , 18 , 52 , 60 , 45
20101019, 2010 , 10 , 19 , 46 , 59 , 34
20101020, 2010 , 10 , 20 , 57 , 69 , 45
20101021, 2010 , 10 , 21 , 47 , 56 , 38
20101022, 2010 , 10 , 22 , 48 , 64 , 32
20101023, 2010 , 10 , 23 , 57 , 65 , 49
20101024, 2010 , 10 , 24 , 60 , 67 , 54
20101025, 2010 , 10 , 25 , 61 , 69 , 53
20101026, 2010 , 10 , 26 , 60 , 68 , 51
20101027, 2010 , 10 , 27 , 54 , 61 , 47
20101028, 2010 , 10 , 28 , 41 , 44 , 38
20101029, 2010 , 10 , 29 , 38 , 50 , 27
20101030, 2010 , 10 , 30 , 49 , 62 , 36
20101031, 2010 , 10 , 31 , 41 , 51 , 31
20101101, 2010 , 11 , 1 , 42 , 54 , 30
20101102, 2010 , 11 , 2 , 42 , 52 , 31
20101103, 2010 , 11 , 3 , 44 , 57 , 30
20101104, 2010 , 11 , 4 , 42 , 48 , 36
20101105, 2010 , 11 , 5 , 34 , 39 , 28
20101106, 2010 , 11 , 6 , 34 , 45 , 22
20101107, 2010 , 11 , 7 , 44 , 59 , 30
20101108, 2010 , 11 , 8 , 50 , 66 , 34
20101109, 2010 , 11 , 9 , 53 , 69 , 37
20101110, 2010 , 11 , 10 , 56 , 69 , 43
20101111, 2010 , 11 , 11 , 52 , 57 , 48
20101112, 2010 , 11 , 12 , 52 , 59 , 46
20101113, 2010 , 11 , 13 , 46 , 53 , 39
20101114, 2010 , 11 , 14 , 42 , 47 , 36
20101115, 2010 , 11 , 15 , 38 , 50 , 27
20101116, 2010 , 11 , 16 , 43 , 53 , 33
20101117, 2010 , 11 , 17 , 46 , 57 , 35
20101118, 2010 , 11 , 18 , 34 , 37 , 31
20101119, 2010 , 11 , 19 , 38 , 50 , 25
20101120, 2010 , 11 , 20 , 36 , 44 , 28
20101121, 2010 , 11 , 21 , 47 , 55 , 39
20101122, 2010 , 11 , 22 , 58 , 66 , 51
20101123, 2010 , 11 , 23 , 30 , 35 , 24
20101124, 2010 , 11 , 24 , 27 , 35 , 20
20101125, 2010 , 11 , 25 , 32 , 37 , 24
20101126, 2010 , 11 , 26 , 24 , 32 , 17
20101127, 2010 , 11 , 27 , 27 , 34 , 20
20101128, 2010 , 11 , 28 , 32 , 45 , 19
20101129, 2010 , 11 , 29 , 40 , 45 , 34
20101130, 2010 , 11 , 30 , 36 , 46 , 26
20101201, 2010 , 12 , 1 , 23 , 25 , 21
20101202, 2010 , 12 , 2 , 24 , 30 , 19
20101203, 2010 , 12 , 3 , 22 , 29 , 16
20101204, 2010 , 12 , 4 , 28 , 30 , 26
20101205, 2010 , 12 , 5 , 15 , 24 , 6
20101206, 2010 , 12 , 6 , 10 , 17 , 4
20101207, 2010 , 12 , 7 , 11 , 17 , 5
20101208, 2010 , 12 , 8 , 12 , 17 , 6
20101209, 2010 , 12 , 9 , 16 , 26 , 6
20101210, 2010 , 12 , 10 , 28 , 33 , 21
20101211, 2010 , 12 , 11 , 30 , 35 , 24
20101212, 2010 , 12 , 12 , 23 , 29 , 17
20101213, 2010 , 12 , 13 , 8 , 11 , 4
20101214, 2010 , 12 , 14 , 6 , 13 , -1
20101215, 2010 , 12 , 15 , 10 , 20 , 0
20101216, 2010 , 12 , 16 , 22 , 24 , 19
20101217, 2010 , 12 , 17 , 12 , 16 , 9
20101218, 2010 , 12 , 18 , 12 , 16 , 8
20101219, 2010 , 12 , 19 , 12 , 16 , 7
20101220, 2010 , 12 , 20 , 14 , 25 , 4
20101221, 2010 , 12 , 21 , 30 , 32 , 27
20101222, 2010 , 12 , 22 , 24 , 32 , 16
20101223, 2010 , 12 , 23 , 17 , 23 , 11
20101224, 2010 , 12 , 24 , 26 , 29 , 23
20101225, 2010 , 12 , 25 , 24 , 29 , 19
20101226, 2010 , 12 , 26 , 25 , 28 , 22
20101227, 2010 , 12 , 27 , 12 , 19 , 4
20101228, 2010 , 12 , 28 , 14 , 23 , 6
20101229, 2010 , 12 , 29 , 20 , 34 , 5
20101230, 2010 , 12 , 30 , 36 , 38 , 34
20101231, 2010 , 12 , 31 , 44 , 50 , 38
