Date, Year, Month, Day, mean, max, min
20100101, 2010 , 1 , 1 , -3 , 3 , -8
20100102, 2010 , 1 , 2 , 2 , 4 , -1
20100103, 2010 , 1 , 3 , -4 , 4 , -11
20100104, 2010 , 1 , 4 , -6 , 6 , -17
20100105, 2010 , 1 , 5 , -11 , -5 , -17
20100106, 2010 , 1 , 6 , -13 , -6 , -19
20100107, 2010 , 1 , 7 , -13 , -5 , -21
20100108, 2010 , 1 , 8 , -25 , -20 , -29
20100109, 2010 , 1 , 9 , -34 , -27 , -40
20100110, 2010 , 1 , 10 , -33 , -26 , -40
20100111, 2010 , 1 , 11 , -23 , -19 , -26
20100112, 2010 , 1 , 12 , -15 , -4 , -26
20100113, 2010 , 1 , 13 , -20 , -11 , -28
20100114, 2010 , 1 , 14 , -28 , -26 , -30
20100115, 2010 , 1 , 15 , -23 , -15 , -30
20100116, 2010 , 1 , 16 , -24 , -19 , -28
20100117, 2010 , 1 , 17 , -25 , -14 , -35
20100118, 2010 , 1 , 18 , -32 , -26 , -38
20100119, 2010 , 1 , 19 , -37 , -30 , -43
20100120, 2010 , 1 , 20 , -26 , -13 , -38
20100121, 2010 , 1 , 21 , -20 , -11 , -29
20100122, 2010 , 1 , 22 , -25 , -9 , -41
20100123, 2010 , 1 , 23 , -6 , -1 , -10
20100124, 2010 , 1 , 24 , -9 , 1 , -18
20100125, 2010 , 1 , 25 , -6 , 9 , -21
20100126, 2010 , 1 , 26 , 3 , 7 , -1
20100127, 2010 , 1 , 27 , -19 , -15 , -23
20100128, 2010 , 1 , 28 , -19 , -15 , -22
20100129, 2010 , 1 , 29 , -8 , 0 , -15
20100130, 2010 , 1 , 30 , 3 , 6 , 0
20100131, 2010 , 1 , 31 , -5 , 3 , -13
20100201, 2010 , 2 , 1 , -13 , -7 , -18
20100202, 2010 , 2 , 2 , -6 , 6 , -17
20100203, 2010 , 2 , 3 , -5 , 7 , -16
20100204, 2010 , 2 , 4 , -13 , -8 , -17
20100205, 2010 , 2 , 5 , -13 , -6 , -19
20100206, 2010 , 2 , 6 , -23 , -13 , -32
20100207, 2010 , 2 , 7 , -20 , -10 , -30
20100208, 2010 , 2 , 8 , -22 , -10 , -34
20100209, 2010 , 2 , 9 , -18 , -6 , -30
20100210, 2010 , 2 , 10 , -4 , -1 , -6
20100211, 2010 , 2 , 11 , 3 , 6 , -1
20100212, 2010 , 2 , 12 , -3 , 3 , -8
20100213, 2010 , 2 , 13 , -3 , -1 , -5
20100214, 2010 , 2 , 14 , -2 , 1 , -4
20100215, 2010 , 2 , 15 , 4 , 6 , 1
20100216, 2010 , 2 , 16 , 6 , 7 , 4
20100217, 2010 , 2 , 17 , 1 , 5 , -4
20100218, 2010 , 2 , 18 , 3 , 7 , -2
20100219, 2010 , 2 , 19 , 3 , 4 , 2
20100220, 2010 , 2 , 20 , 3 , 4 , 1
20100221, 2010 , 2 , 21 , 0 , 3 , -3
20100222, 2010 , 2 , 22 , -7 , -3 , -11
20100223, 2010 , 2 , 23 , -17 , -10 , -23
20100224, 2010 , 2 , 24 , -25 , -20 , -29
20100225, 2010 , 2 , 25 , -21 , -14 , -27
20100226, 2010 , 2 , 26 , -20 , -16 , -24
20100227, 2010 , 2 , 27 , -30 , -22 , -37
20100228, 2010 , 2 , 28 , -34 , -25 , -43
20100301, 2010 , 3 , 1 , -25 , -15 , -35
20100302, 2010 , 3 , 2 , -17 , -10 , -23
20100303, 2010 , 3 , 3 , -3 , 5 , -10
20100304, 2010 , 3 , 4 , 2 , 6 , -3
20100305, 2010 , 3 , 5 , -1 , 5 , -7
20100306, 2010 , 3 , 6 , -6 , -3 , -9
20100307, 2010 , 3 , 7 , -3 , 0 , -6
20100308, 2010 , 3 , 8 , -12 , -7 , -17
20100309, 2010 , 3 , 9 , -16 , -8 , -24
20100310, 2010 , 3 , 10 , -10 , -8 , -12
20100311, 2010 , 3 , 11 , -14 , -11 , -16
20100312, 2010 , 3 , 12 , -19 , -14 , -23
20100313, 2010 , 3 , 13 , -18 , -12 , -23
20100314, 2010 , 3 , 14 , -27 , -19 , -35
20100315, 2010 , 3 , 15 , -35 , -27 , -43
20100316, 2010 , 3 , 16 , -25 , -16 , -34
20100317, 2010 , 3 , 17 , -7 , 6 , -19
20100318, 2010 , 3 , 18 , 4 , 13 , -5
20100319, 2010 , 3 , 19 , -5 , 1 , -11
20100320, 2010 , 3 , 20 , -11 , -6 , -16
20100321, 2010 , 3 , 21 , -9 , -4 , -14
20100322, 2010 , 3 , 22 , -9 , -1 , -16
20100323, 2010 , 3 , 23 , -8 , 2 , -17
20100324, 2010 , 3 , 24 , -4 , 1 , -9
20100325, 2010 , 3 , 25 , 3 , 9 , -3
20100326, 2010 , 3 , 26 , -3 , 4 , -10
20100327, 2010 , 3 , 27 , -13 , -8 , -17
20100328, 2010 , 3 , 28 , -6 , 4 , -15
20100329, 2010 , 3 , 29 , 0 , 4 , -4
20100330, 2010 , 3 , 30 , -3 , 6 , -11
20100331, 2010 , 3 , 31 , -9 , 0 , -17
20100401, 2010 , 4 , 1 , -5 , 7 , -17
20100402, 2010 , 4 , 2 , 5 , 8 , 1
20100403, 2010 , 4 , 3 , 7 , 10 , 3
20100404, 2010 , 4 , 4 , 8 , 10 , 5
20100405, 2010 , 4 , 5 , 5 , 8 , 1
20100406, 2010 , 4 , 6 , 1 , 4 , -3
20100407, 2010 , 4 , 7 , 1 , 6 , -4
20100408, 2010 , 4 , 8 , -3 , 4 , -9
20100409, 2010 , 4 , 9 , -9 , 0 , -18
20100410, 2010 , 4 , 10 , -10 , 6 , -25
20100411, 2010 , 4 , 11 , 17 , 27 , 6
20100412, 2010 , 4 , 12 , 12 , 21 , 3
20100413, 2010 , 4 , 13 , 13 , 21 , 5
20100414, 2010 , 4 , 14 , 14 , 18 , 9
20100415, 2010 , 4 , 15 , 11 , 16 , 5
20100416, 2010 , 4 , 16 , 2 , 12 , -8
20100417, 2010 , 4 , 17 , 3 , 11 , -5
20100418, 2010 , 4 , 18 , 13 , 21 , 4
20100419, 2010 , 4 , 19 , 13 , 16 , 9
20100420, 2010 , 4 , 20 , 16 , 18 , 13
20100421, 2010 , 4 , 21 , 10 , 20 , -1
20100422, 2010 , 4 , 22 , 6 , 19 , -8
20100423, 2010 , 4 , 23 , 16 , 29 , 3
20100424, 2010 , 4 , 24 , 18 , 24 , 12
20100425, 2010 , 4 , 25 , 7 , 16 , -3
20100426, 2010 , 4 , 26 , 3 , 11 , -6
20100427, 2010 , 4 , 27 , 12 , 18 , 6
20100428, 2010 , 4 , 28 , 19 , 20 , 18
20100429, 2010 , 4 , 29 , 22 , 24 , 19
20100430, 2010 , 4 , 30 , 18 , 22 , 14
20100501, 2010 , 5 , 1 , 16 , 19 , 12
20100502, 2010 , 5 , 2 , 16 , 18 , 14
20100503, 2010 , 5 , 3 , 17 , 18 , 15
20100504, 2010 , 5 , 4 , 12 , 18 , 6
20100505, 2010 , 5 , 5 , 4 , 10 , -2
20100506, 2010 , 5 , 6 , 1 , 12 , -10
20100507, 2010 , 5 , 7 , 4 , 15 , -8
20100508, 2010 , 5 , 8 , 11 , 21 , 0
20100509, 2010 , 5 , 9 , 10 , 15 , 5
20100510, 2010 , 5 , 10 , 11 , 12 , 9
20100511, 2010 , 5 , 11 , 7 , 13 , 1
20100512, 2010 , 5 , 12 , 11 , 17 , 4
20100513, 2010 , 5 , 13 , 14 , 20 , 8
20100514, 2010 , 5 , 14 , 20 , 22 , 17
20100515, 2010 , 5 , 15 , 22 , 23 , 20
20100516, 2010 , 5 , 16 , 21 , 24 , 18
20100517, 2010 , 5 , 17 , 23 , 26 , 20
20100518, 2010 , 5 , 18 , 24 , 26 , 22
20100519, 2010 , 5 , 19 , 26 , 28 , 24
20100520, 2010 , 5 , 20 , 25 , 27 , 22
20100521, 2010 , 5 , 21 , 26 , 28 , 24
20100522, 2010 , 5 , 22 , 28 , 30 , 25
20100523, 2010 , 5 , 23 , 25 , 27 , 22
20100524, 2010 , 5 , 24 , 27 , 28 , 25
20100525, 2010 , 5 , 25 , 29 , 32 , 26
20100526, 2010 , 5 , 26 , 29 , 31 , 27
20100527, 2010 , 5 , 27 , 30 , 30 , 29
20100528, 2010 , 5 , 28 , 31 , 32 , 30
20100529, 2010 , 5 , 29 , 30 , 33 , 28
20100530, 2010 , 5 , 30 , 29 , 32 , 25
20100531, 2010 , 5 , 31 , 32 , 33 , 30
20100601, 2010 , 6 , 1 , 30 , 32 , 28
20100602, 2010 , 6 , 2 , 29 , 30 , 28
20100603, 2010 , 6 , 3 , 31 , 32 , 29
20100604, 2010 , 6 , 4 , 30 , 32 , 28
20100605, 2010 , 6 , 5 , 30 , 32 , 28
20100606, 2010 , 6 , 6 , 31 , 32 , 30
20100607, 2010 , 6 , 7 , 33 , 35 , 30
20100608, 2010 , 6 , 8 , 35 , 41 , 29
20100609, 2010 , 6 , 9 , 38 , 43 , 32
20100610, 2010 , 6 , 10 , 38 , 44 , 32
20100611, 2010 , 6 , 11 , 35 , 39 , 31
20100612, 2010 , 6 , 12 , 35 , 38 , 31
20100613, 2010 , 6 , 13 , 32 , 34 , 30
20100614, 2010 , 6 , 14 , 32 , 35 , 29
20100615, 2010 , 6 , 15 , 35 , 38 , 31
20100616, 2010 , 6 , 16 , 34 , 36 , 31
20100617, 2010 , 6 , 17 , 33 , 36 , 30
20100618, 2010 , 6 , 18 , 34 , 36 , 31
20100619, 2010 , 6 , 19 , 35 , 39 , 30
20100620, 2010 , 6 , 20 , 33 , 36 , 30
20100621, 2010 , 6 , 21 , 36 , 43 , 29
20100622, 2010 , 6 , 22 , 37 , 42 , 31
20100623, 2010 , 6 , 23 , 33 , 36 , 29
20100624, 2010 , 6 , 24 , 36 , 42 , 30
20100625, 2010 , 6 , 25 , 32 , 36 , 28
20100626, 2010 , 6 , 26 , 33 , 36 , 30
20100627, 2010 , 6 , 27 , 33 , 36 , 30
20100628, 2010 , 6 , 28 , 43 , 50 , 36
20100629, 2010 , 6 , 29 , 40 , 44 , 36
20100630, 2010 , 6 , 30 , 37 , 42 , 32
20100701, 2010 , 7 , 1 , 36 , 38 , 33
20100702, 2010 , 7 , 2 , 40 , 46 , 34
20100703, 2010 , 7 , 3 , 37 , 41 , 33
20100704, 2010 , 7 , 4 , 37 , 40 , 34
20100705, 2010 , 7 , 5 , 35 , 38 , 32
20100706, 2010 , 7 , 6 , 39 , 43 , 34
20100707, 2010 , 7 , 7 , 38 , 43 , 33
20100708, 2010 , 7 , 8 , 47 , 51 , 43
20100709, 2010 , 7 , 9 , 41 , 46 , 36
20100710, 2010 , 7 , 10 , 36 , 38 , 34
20100711, 2010 , 7 , 11 , 35 , 39 , 33
20100712, 2010 , 7 , 12 , 35 , 38 , 32
20100713, 2010 , 7 , 13 , 36 , 38 , 33
20100714, 2010 , 7 , 14 , 34 , 38 , 30
20100715, 2010 , 7 , 15 , 38 , 42 , 34
20100716, 2010 , 7 , 16 , 43 , 47 , 39
20100717, 2010 , 7 , 17 , 40 , 45 , 35
20100718, 2010 , 7 , 18 , 36 , 37 , 34
20100719, 2010 , 7 , 19 , 37 , 38 , 35
20100720, 2010 , 7 , 20 , 38 , 41 , 34
20100721, 2010 , 7 , 21 , 49 , 58 , 40
20100722, 2010 , 7 , 22 , 51 , 57 , 45
20100723, 2010 , 7 , 23 , 46 , 50 , 42
20100724, 2010 , 7 , 24 , 47 , 53 , 41
20100725, 2010 , 7 , 25 , 50 , 59 , 41
20100726, 2010 , 7 , 26 , 53 , 63 , 43
20100727, 2010 , 7 , 27 , 55 , 62 , 48
20100728, 2010 , 7 , 28 , 51 , 58 , 44
20100729, 2010 , 7 , 29 , 48 , 52 , 43
20100730, 2010 , 7 , 30 , 51 , 60 , 42
20100731, 2010 , 7 , 31 , 47 , 57 , 36
20100801, 2010 , 8 , 1 , 48 , 58 , 37
20100802, 2010 , 8 , 2 , 53 , 58 , 48
20100803, 2010 , 8 , 3 , 50 , 52 , 47
20100804, 2010 , 8 , 4 , 57 , 67 , 46
20100805, 2010 , 8 , 5 , 49 , 54 , 44
20100806, 2010 , 8 , 6 , 43 , 48 , 38
20100807, 2010 , 8 , 7 , 39 , 41 , 37
20100808, 2010 , 8 , 8 , 38 , 41 , 35
20100809, 2010 , 8 , 9 , 36 , 37 , 34
20100810, 2010 , 8 , 10 , 36 , 38 , 34
20100811, 2010 , 8 , 11 , 38 , 41 , 35
20100812, 2010 , 8 , 12 , 41 , 44 , 37
20100813, 2010 , 8 , 13 , 44 , 49 , 39
20100814, 2010 , 8 , 14 , 50 , 59 , 41
20100815, 2010 , 8 , 15 , 49 , 57 , 41
20100816, 2010 , 8 , 16 , 51 , 60 , 42
20100817, 2010 , 8 , 17 , 43 , 45 , 41
20100818, 2010 , 8 , 18 , 43 , 46 , 40
20100819, 2010 , 8 , 19 , 40 , 44 , 36
20100820, 2010 , 8 , 20 , 39 , 42 , 36
20100821, 2010 , 8 , 21 , 40 , 43 , 36
20100822, 2010 , 8 , 22 , 40 , 44 , 35
20100823, 2010 , 8 , 23 , 43 , 51 , 35
20100824, 2010 , 8 , 24 , 44 , 53 , 35
20100825, 2010 , 8 , 25 , 40 , 46 , 33
20100826, 2010 , 8 , 26 , 42 , 47 , 36
20100827, 2010 , 8 , 27 , 41 , 44 , 37
20100828, 2010 , 8 , 28 , 38 , 42 , 34
20100829, 2010 , 8 , 29 , 41 , 47 , 35
20100830, 2010 , 8 , 30 , 39 , 41 , 37
20100831, 2010 , 8 , 31 , 40 , 42 , 38
20100901, 2010 , 9 , 1 , 41 , 44 , 37
20100902, 2010 , 9 , 2 , 40 , 45 , 34
20100903, 2010 , 9 , 3 , 39 , 41 , 36
20100904, 2010 , 9 , 4 , 37 , 38 , 36
20100905, 2010 , 9 , 5 , 37 , 39 , 34
20100906, 2010 , 9 , 6 , 42 , 49 , 34
20100907, 2010 , 9 , 7 , 41 , 45 , 36
20100908, 2010 , 9 , 8 , 43 , 48 , 37
20100909, 2010 , 9 , 9 , 40 , 43 , 36
20100910, 2010 , 9 , 10 , 37 , 42 , 31
20100911, 2010 , 9 , 11 , 43 , 55 , 31
20100912, 2010 , 9 , 12 , 47 , 49 , 45
20100913, 2010 , 9 , 13 , 45 , 50 , 39
20100914, 2010 , 9 , 14 , 42 , 44 , 39
20100915, 2010 , 9 , 15 , 43 , 51 , 34
20100916, 2010 , 9 , 16 , 48 , 51 , 44
20100917, 2010 , 9 , 17 , 46 , 50 , 41
20100918, 2010 , 9 , 18 , 42 , 49 , 35
20100919, 2010 , 9 , 19 , 41 , 45 , 36
20100920, 2010 , 9 , 20 , 37 , 39 , 34
20100921, 2010 , 9 , 21 , 34 , 36 , 32
20100922, 2010 , 9 , 22 , 32 , 34 , 30
20100923, 2010 , 9 , 23 , 31 , 34 , 27
20100924, 2010 , 9 , 24 , 32 , 37 , 27
20100925, 2010 , 9 , 25 , 32 , 34 , 30
20100926, 2010 , 9 , 26 , 30 , 33 , 27
20100927, 2010 , 9 , 27 , 29 , 31 , 26
20100928, 2010 , 9 , 28 , 30 , 32 , 27
20100929, 2010 , 9 , 29 , 29 , 32 , 25
20100930, 2010 , 9 , 30 , 22 , 31 , 13
20101001, 2010 , 10 , 1 , 24 , 31 , 17
20101002, 2010 , 10 , 2 , 30 , 32 , 28
20101003, 2010 , 10 , 3 , 28 , 30 , 25
20101004, 2010 , 10 , 4 , 31 , 32 , 29
20101005, 2010 , 10 , 5 , 29 , 32 , 26
20101006, 2010 , 10 , 6 , 23 , 26 , 20
20101007, 2010 , 10 , 7 , 25 , 29 , 20
20101008, 2010 , 10 , 8 , 24 , 29 , 19
20101009, 2010 , 10 , 9 , 17 , 24 , 10
20101010, 2010 , 10 , 10 , 18 , 22 , 14
20101011, 2010 , 10 , 11 , 22 , 24 , 19
20101012, 2010 , 10 , 12 , 23 , 24 , 21
20101013, 2010 , 10 , 13 , 19 , 23 , 14
20101014, 2010 , 10 , 14 , 23 , 24 , 21
20101015, 2010 , 10 , 15 , 22 , 26 , 17
20101016, 2010 , 10 , 16 , 22 , 25 , 19
20101017, 2010 , 10 , 17 , 22 , 25 , 18
20101018, 2010 , 10 , 18 , 25 , 26 , 24
20101019, 2010 , 10 , 19 , 24 , 25 , 22
20101020, 2010 , 10 , 20 , 25 , 27 , 23
20101021, 2010 , 10 , 21 , 27 , 28 , 25
20101022, 2010 , 10 , 22 , 28 , 29 , 26
20101023, 2010 , 10 , 23 , 24 , 26 , 21
20101024, 2010 , 10 , 24 , 18 , 20 , 16
20101025, 2010 , 10 , 25 , 20 , 24 , 15
20101026, 2010 , 10 , 26 , 23 , 25 , 21
20101027, 2010 , 10 , 27 , 20 , 24 , 15
20101028, 2010 , 10 , 28 , 23 , 27 , 18
20101029, 2010 , 10 , 29 , 19 , 22 , 16
20101030, 2010 , 10 , 30 , 17 , 23 , 11
20101031, 2010 , 10 , 31 , 12 , 16 , 7
20101101, 2010 , 11 , 1 , 8 , 10 , 6
20101102, 2010 , 11 , 2 , 5 , 8 , 3
20101103, 2010 , 11 , 3 , 8 , 11 , 4
20101104, 2010 , 11 , 4 , 11 , 12 , 9
20101105, 2010 , 11 , 5 , 13 , 14 , 11
20101106, 2010 , 11 , 6 , 15 , 16 , 14
20101107, 2010 , 11 , 7 , 13 , 14 , 11
20101108, 2010 , 11 , 8 , 17 , 20 , 14
20101109, 2010 , 11 , 9 , 14 , 17 , 11
20101110, 2010 , 11 , 10 , 10 , 13 , 7
20101111, 2010 , 11 , 11 , 5 , 7 , 3
20101112, 2010 , 11 , 12 , 4 , 8 , 0
20101113, 2010 , 11 , 13 , 1 , 6 , -4
20101114, 2010 , 11 , 14 , 1 , 4 , -3
20101115, 2010 , 11 , 15 , 10 , 17 , 3
20101116, 2010 , 11 , 16 , 11 , 21 , 1
20101117, 2010 , 11 , 17 , 26 , 31 , 20
20101118, 2010 , 11 , 18 , 18 , 28 , 7
20101119, 2010 , 11 , 19 , 13 , 21 , 5
20101120, 2010 , 11 , 20 , 25 , 29 , 21
20101121, 2010 , 11 , 21 , 28 , 32 , 23
20101122, 2010 , 11 , 22 , 28 , 33 , 22
20101123, 2010 , 11 , 23 , 24 , 28 , 20
20101124, 2010 , 11 , 24 , 15 , 22 , 8
20101125, 2010 , 11 , 25 , 6 , 8 , 3
20101126, 2010 , 11 , 26 , 6 , 10 , 1
20101127, 2010 , 11 , 27 , 8 , 11 , 5
20101128, 2010 , 11 , 28 , 1 , 12 , -10
20101129, 2010 , 11 , 29 , -13 , -3 , -22
20101130, 2010 , 11 , 30 , -1 , 7 , -9
20101201, 2010 , 12 , 1 , 4 , 14 , -7
20101202, 2010 , 12 , 2 , -9 , -7 , -10
20101203, 2010 , 12 , 3 , -6 , 1 , -13
20101204, 2010 , 12 , 4 , -5 , -3 , -6
20101205, 2010 , 12 , 5 , -15 , -7 , -23
20101206, 2010 , 12 , 6 , -15 , -9 , -21
20101207, 2010 , 12 , 7 , -5 , 2 , -12
20101208, 2010 , 12 , 8 , -7 , 0 , -13
20101209, 2010 , 12 , 9 , -2 , 9 , -12
20101210, 2010 , 12 , 10 , -7 , -1 , -13
20101211, 2010 , 12 , 11 , -15 , -6 , -24
20101212, 2010 , 12 , 12 , -6 , 12 , -23
20101213, 2010 , 12 , 13 , -5 , 3 , -13
20101214, 2010 , 12 , 14 , -1 , 5 , -6
20101215, 2010 , 12 , 15 , -7 , -1 , -13
20101216, 2010 , 12 , 16 , -8 , -2 , -14
20101217, 2010 , 12 , 17 , -12 , -6 , -18
20101218, 2010 , 12 , 18 , -6 , -4 , -7
20101219, 2010 , 12 , 19 , 1 , 8 , -6
20101220, 2010 , 12 , 20 , 11 , 19 , 3
20101221, 2010 , 12 , 21 , 3 , 8 , -2
20101222, 2010 , 12 , 22 , -14 , 0 , -27
20101223, 2010 , 12 , 23 , -21 , -12 , -30
20101224, 2010 , 12 , 24 , -16 , -14 , -17
20101225, 2010 , 12 , 25 , -13 , -8 , -18
20101226, 2010 , 12 , 26 , -21 , -15 , -26
20101227, 2010 , 12 , 27 , -21 , -15 , -26
20101228, 2010 , 12 , 28 , -19 , -13 , -25
20101229, 2010 , 12 , 29 , -13 , -10 , -15
20101230, 2010 , 12 , 30 , -18 , -15 , -21
20101231, 2010 , 12 , 31 , -19 , -16 , -21
